{
 "cells": [
  {
   "cell_type": "markdown",
   "metadata": {
    "collapsed": true
   },
   "source": [
    "# Pandas Examples: Housing Market and Unemployment"
   ]
  },
  {
   "cell_type": "markdown",
   "metadata": {},
   "source": [
    "### Housing Market"
   ]
  },
  {
   "cell_type": "markdown",
   "metadata": {},
   "source": [
    "- Quandl is a search engine for financial, economic, and social datasets.\n",
    "- Download [\"Freddie Mac House Price Index NY\"](https://www.quandl.com/data/FMAC/HPI_NY) as an Excel file `FMAC-HPI_NY.xls`.\n",
    "- The Freddie Mac House Price Index (FMHPI) provides a measure of typical price inflation for houses within the United States."
   ]
  },
  {
   "cell_type": "code",
   "execution_count": 1,
   "metadata": {},
   "outputs": [],
   "source": [
    "import matplotlib.pyplot as plt\n",
    "import pandas as pd"
   ]
  },
  {
   "cell_type": "code",
   "execution_count": 2,
   "metadata": {},
   "outputs": [
    {
     "data": {
      "text/html": [
       "<div>\n",
       "<style scoped>\n",
       "    .dataframe tbody tr th:only-of-type {\n",
       "        vertical-align: middle;\n",
       "    }\n",
       "\n",
       "    .dataframe tbody tr th {\n",
       "        vertical-align: top;\n",
       "    }\n",
       "\n",
       "    .dataframe thead th {\n",
       "        text-align: right;\n",
       "    }\n",
       "</style>\n",
       "<table border=\"1\" class=\"dataframe\">\n",
       "  <thead>\n",
       "    <tr style=\"text-align: right;\">\n",
       "      <th></th>\n",
       "      <th>Value</th>\n",
       "    </tr>\n",
       "    <tr>\n",
       "      <th>Date</th>\n",
       "      <th></th>\n",
       "    </tr>\n",
       "  </thead>\n",
       "  <tbody>\n",
       "    <tr>\n",
       "      <th>2017-09-30</th>\n",
       "      <td>178.801042</td>\n",
       "    </tr>\n",
       "    <tr>\n",
       "      <th>2017-08-31</th>\n",
       "      <td>178.910498</td>\n",
       "    </tr>\n",
       "    <tr>\n",
       "      <th>2017-07-31</th>\n",
       "      <td>178.263204</td>\n",
       "    </tr>\n",
       "    <tr>\n",
       "      <th>2017-06-30</th>\n",
       "      <td>176.562386</td>\n",
       "    </tr>\n",
       "    <tr>\n",
       "      <th>2017-05-31</th>\n",
       "      <td>173.847310</td>\n",
       "    </tr>\n",
       "    <tr>\n",
       "      <th>2017-04-30</th>\n",
       "      <td>171.164359</td>\n",
       "    </tr>\n",
       "    <tr>\n",
       "      <th>2017-03-31</th>\n",
       "      <td>169.251729</td>\n",
       "    </tr>\n",
       "    <tr>\n",
       "      <th>2017-02-28</th>\n",
       "      <td>168.343094</td>\n",
       "    </tr>\n",
       "    <tr>\n",
       "      <th>2017-01-31</th>\n",
       "      <td>168.432856</td>\n",
       "    </tr>\n",
       "    <tr>\n",
       "      <th>2016-12-31</th>\n",
       "      <td>168.878630</td>\n",
       "    </tr>\n",
       "    <tr>\n",
       "      <th>2016-11-30</th>\n",
       "      <td>168.930306</td>\n",
       "    </tr>\n",
       "    <tr>\n",
       "      <th>2016-10-31</th>\n",
       "      <td>169.162155</td>\n",
       "    </tr>\n",
       "    <tr>\n",
       "      <th>2016-09-30</th>\n",
       "      <td>169.774054</td>\n",
       "    </tr>\n",
       "    <tr>\n",
       "      <th>2016-08-31</th>\n",
       "      <td>169.555953</td>\n",
       "    </tr>\n",
       "    <tr>\n",
       "      <th>2016-07-31</th>\n",
       "      <td>168.467330</td>\n",
       "    </tr>\n",
       "    <tr>\n",
       "      <th>2016-06-30</th>\n",
       "      <td>166.730073</td>\n",
       "    </tr>\n",
       "    <tr>\n",
       "      <th>2016-05-31</th>\n",
       "      <td>164.185464</td>\n",
       "    </tr>\n",
       "    <tr>\n",
       "      <th>2016-04-30</th>\n",
       "      <td>161.693666</td>\n",
       "    </tr>\n",
       "    <tr>\n",
       "      <th>2016-03-31</th>\n",
       "      <td>160.324327</td>\n",
       "    </tr>\n",
       "    <tr>\n",
       "      <th>2016-02-29</th>\n",
       "      <td>159.988935</td>\n",
       "    </tr>\n",
       "    <tr>\n",
       "      <th>2016-01-31</th>\n",
       "      <td>159.954376</td>\n",
       "    </tr>\n",
       "    <tr>\n",
       "      <th>2015-12-31</th>\n",
       "      <td>160.211485</td>\n",
       "    </tr>\n",
       "    <tr>\n",
       "      <th>2015-11-30</th>\n",
       "      <td>160.680933</td>\n",
       "    </tr>\n",
       "    <tr>\n",
       "      <th>2015-10-31</th>\n",
       "      <td>161.255596</td>\n",
       "    </tr>\n",
       "    <tr>\n",
       "      <th>2015-09-30</th>\n",
       "      <td>161.986217</td>\n",
       "    </tr>\n",
       "    <tr>\n",
       "      <th>2015-08-31</th>\n",
       "      <td>162.309041</td>\n",
       "    </tr>\n",
       "    <tr>\n",
       "      <th>2015-07-31</th>\n",
       "      <td>161.759398</td>\n",
       "    </tr>\n",
       "    <tr>\n",
       "      <th>2015-06-30</th>\n",
       "      <td>160.267177</td>\n",
       "    </tr>\n",
       "    <tr>\n",
       "      <th>2015-05-31</th>\n",
       "      <td>158.255886</td>\n",
       "    </tr>\n",
       "    <tr>\n",
       "      <th>2015-04-30</th>\n",
       "      <td>156.429951</td>\n",
       "    </tr>\n",
       "    <tr>\n",
       "      <th>...</th>\n",
       "      <td>...</td>\n",
       "    </tr>\n",
       "    <tr>\n",
       "      <th>1977-06-30</th>\n",
       "      <td>24.530716</td>\n",
       "    </tr>\n",
       "    <tr>\n",
       "      <th>1977-05-31</th>\n",
       "      <td>24.348575</td>\n",
       "    </tr>\n",
       "    <tr>\n",
       "      <th>1977-04-30</th>\n",
       "      <td>24.055521</td>\n",
       "    </tr>\n",
       "    <tr>\n",
       "      <th>1977-03-31</th>\n",
       "      <td>23.785227</td>\n",
       "    </tr>\n",
       "    <tr>\n",
       "      <th>1977-02-28</th>\n",
       "      <td>23.654595</td>\n",
       "    </tr>\n",
       "    <tr>\n",
       "      <th>1977-01-31</th>\n",
       "      <td>23.625277</td>\n",
       "    </tr>\n",
       "    <tr>\n",
       "      <th>1976-12-31</th>\n",
       "      <td>23.606939</td>\n",
       "    </tr>\n",
       "    <tr>\n",
       "      <th>1976-11-30</th>\n",
       "      <td>23.569799</td>\n",
       "    </tr>\n",
       "    <tr>\n",
       "      <th>1976-10-31</th>\n",
       "      <td>23.543262</td>\n",
       "    </tr>\n",
       "    <tr>\n",
       "      <th>1976-09-30</th>\n",
       "      <td>23.599929</td>\n",
       "    </tr>\n",
       "    <tr>\n",
       "      <th>1976-08-31</th>\n",
       "      <td>23.682525</td>\n",
       "    </tr>\n",
       "    <tr>\n",
       "      <th>1976-07-31</th>\n",
       "      <td>23.628871</td>\n",
       "    </tr>\n",
       "    <tr>\n",
       "      <th>1976-06-30</th>\n",
       "      <td>23.446219</td>\n",
       "    </tr>\n",
       "    <tr>\n",
       "      <th>1976-05-31</th>\n",
       "      <td>23.296043</td>\n",
       "    </tr>\n",
       "    <tr>\n",
       "      <th>1976-04-30</th>\n",
       "      <td>23.276104</td>\n",
       "    </tr>\n",
       "    <tr>\n",
       "      <th>1976-03-31</th>\n",
       "      <td>23.371683</td>\n",
       "    </tr>\n",
       "    <tr>\n",
       "      <th>1976-02-29</th>\n",
       "      <td>23.544581</td>\n",
       "    </tr>\n",
       "    <tr>\n",
       "      <th>1976-01-31</th>\n",
       "      <td>23.725975</td>\n",
       "    </tr>\n",
       "    <tr>\n",
       "      <th>1975-12-31</th>\n",
       "      <td>23.824112</td>\n",
       "    </tr>\n",
       "    <tr>\n",
       "      <th>1975-11-30</th>\n",
       "      <td>23.817510</td>\n",
       "    </tr>\n",
       "    <tr>\n",
       "      <th>1975-10-31</th>\n",
       "      <td>23.783978</td>\n",
       "    </tr>\n",
       "    <tr>\n",
       "      <th>1975-09-30</th>\n",
       "      <td>23.785999</td>\n",
       "    </tr>\n",
       "    <tr>\n",
       "      <th>1975-08-31</th>\n",
       "      <td>23.803259</td>\n",
       "    </tr>\n",
       "    <tr>\n",
       "      <th>1975-07-31</th>\n",
       "      <td>23.714704</td>\n",
       "    </tr>\n",
       "    <tr>\n",
       "      <th>1975-06-30</th>\n",
       "      <td>23.466426</td>\n",
       "    </tr>\n",
       "    <tr>\n",
       "      <th>1975-05-31</th>\n",
       "      <td>23.210111</td>\n",
       "    </tr>\n",
       "    <tr>\n",
       "      <th>1975-04-30</th>\n",
       "      <td>23.065198</td>\n",
       "    </tr>\n",
       "    <tr>\n",
       "      <th>1975-03-31</th>\n",
       "      <td>23.043330</td>\n",
       "    </tr>\n",
       "    <tr>\n",
       "      <th>1975-02-28</th>\n",
       "      <td>23.226523</td>\n",
       "    </tr>\n",
       "    <tr>\n",
       "      <th>1975-01-31</th>\n",
       "      <td>23.661279</td>\n",
       "    </tr>\n",
       "  </tbody>\n",
       "</table>\n",
       "<p>513 rows × 1 columns</p>\n",
       "</div>"
      ],
      "text/plain": [
       "                 Value\n",
       "Date                  \n",
       "2017-09-30  178.801042\n",
       "2017-08-31  178.910498\n",
       "2017-07-31  178.263204\n",
       "2017-06-30  176.562386\n",
       "2017-05-31  173.847310\n",
       "2017-04-30  171.164359\n",
       "2017-03-31  169.251729\n",
       "2017-02-28  168.343094\n",
       "2017-01-31  168.432856\n",
       "2016-12-31  168.878630\n",
       "2016-11-30  168.930306\n",
       "2016-10-31  169.162155\n",
       "2016-09-30  169.774054\n",
       "2016-08-31  169.555953\n",
       "2016-07-31  168.467330\n",
       "2016-06-30  166.730073\n",
       "2016-05-31  164.185464\n",
       "2016-04-30  161.693666\n",
       "2016-03-31  160.324327\n",
       "2016-02-29  159.988935\n",
       "2016-01-31  159.954376\n",
       "2015-12-31  160.211485\n",
       "2015-11-30  160.680933\n",
       "2015-10-31  161.255596\n",
       "2015-09-30  161.986217\n",
       "2015-08-31  162.309041\n",
       "2015-07-31  161.759398\n",
       "2015-06-30  160.267177\n",
       "2015-05-31  158.255886\n",
       "2015-04-30  156.429951\n",
       "...                ...\n",
       "1977-06-30   24.530716\n",
       "1977-05-31   24.348575\n",
       "1977-04-30   24.055521\n",
       "1977-03-31   23.785227\n",
       "1977-02-28   23.654595\n",
       "1977-01-31   23.625277\n",
       "1976-12-31   23.606939\n",
       "1976-11-30   23.569799\n",
       "1976-10-31   23.543262\n",
       "1976-09-30   23.599929\n",
       "1976-08-31   23.682525\n",
       "1976-07-31   23.628871\n",
       "1976-06-30   23.446219\n",
       "1976-05-31   23.296043\n",
       "1976-04-30   23.276104\n",
       "1976-03-31   23.371683\n",
       "1976-02-29   23.544581\n",
       "1976-01-31   23.725975\n",
       "1975-12-31   23.824112\n",
       "1975-11-30   23.817510\n",
       "1975-10-31   23.783978\n",
       "1975-09-30   23.785999\n",
       "1975-08-31   23.803259\n",
       "1975-07-31   23.714704\n",
       "1975-06-30   23.466426\n",
       "1975-05-31   23.210111\n",
       "1975-04-30   23.065198\n",
       "1975-03-31   23.043330\n",
       "1975-02-28   23.226523\n",
       "1975-01-31   23.661279\n",
       "\n",
       "[513 rows x 1 columns]"
      ]
     },
     "execution_count": 2,
     "metadata": {},
     "output_type": "execute_result"
    }
   ],
   "source": [
    "df = pd.read_excel('FMAC-HPI_NY.xls', 'Worksheet1', index_col = 'Date', na_values='NaN')\n",
    "df"
   ]
  },
  {
   "cell_type": "code",
   "execution_count": 3,
   "metadata": {
    "scrolled": true
   },
   "outputs": [
    {
     "data": {
      "text/html": [
       "<div>\n",
       "<style scoped>\n",
       "    .dataframe tbody tr th:only-of-type {\n",
       "        vertical-align: middle;\n",
       "    }\n",
       "\n",
       "    .dataframe tbody tr th {\n",
       "        vertical-align: top;\n",
       "    }\n",
       "\n",
       "    .dataframe thead th {\n",
       "        text-align: right;\n",
       "    }\n",
       "</style>\n",
       "<table border=\"1\" class=\"dataframe\">\n",
       "  <thead>\n",
       "    <tr style=\"text-align: right;\">\n",
       "      <th></th>\n",
       "      <th>Value</th>\n",
       "    </tr>\n",
       "    <tr>\n",
       "      <th>Date</th>\n",
       "      <th></th>\n",
       "    </tr>\n",
       "  </thead>\n",
       "  <tbody>\n",
       "    <tr>\n",
       "      <th>1975-01-31</th>\n",
       "      <td>23.661279</td>\n",
       "    </tr>\n",
       "    <tr>\n",
       "      <th>1975-02-28</th>\n",
       "      <td>23.226523</td>\n",
       "    </tr>\n",
       "    <tr>\n",
       "      <th>1975-03-31</th>\n",
       "      <td>23.043330</td>\n",
       "    </tr>\n",
       "    <tr>\n",
       "      <th>1975-04-30</th>\n",
       "      <td>23.065198</td>\n",
       "    </tr>\n",
       "    <tr>\n",
       "      <th>1975-05-31</th>\n",
       "      <td>23.210111</td>\n",
       "    </tr>\n",
       "    <tr>\n",
       "      <th>1975-06-30</th>\n",
       "      <td>23.466426</td>\n",
       "    </tr>\n",
       "    <tr>\n",
       "      <th>1975-07-31</th>\n",
       "      <td>23.714704</td>\n",
       "    </tr>\n",
       "    <tr>\n",
       "      <th>1975-08-31</th>\n",
       "      <td>23.803259</td>\n",
       "    </tr>\n",
       "    <tr>\n",
       "      <th>1975-09-30</th>\n",
       "      <td>23.785999</td>\n",
       "    </tr>\n",
       "    <tr>\n",
       "      <th>1975-10-31</th>\n",
       "      <td>23.783978</td>\n",
       "    </tr>\n",
       "    <tr>\n",
       "      <th>1975-11-30</th>\n",
       "      <td>23.817510</td>\n",
       "    </tr>\n",
       "    <tr>\n",
       "      <th>1975-12-31</th>\n",
       "      <td>23.824112</td>\n",
       "    </tr>\n",
       "    <tr>\n",
       "      <th>1976-01-31</th>\n",
       "      <td>23.725975</td>\n",
       "    </tr>\n",
       "    <tr>\n",
       "      <th>1976-02-29</th>\n",
       "      <td>23.544581</td>\n",
       "    </tr>\n",
       "    <tr>\n",
       "      <th>1976-03-31</th>\n",
       "      <td>23.371683</td>\n",
       "    </tr>\n",
       "    <tr>\n",
       "      <th>1976-04-30</th>\n",
       "      <td>23.276104</td>\n",
       "    </tr>\n",
       "    <tr>\n",
       "      <th>1976-05-31</th>\n",
       "      <td>23.296043</td>\n",
       "    </tr>\n",
       "    <tr>\n",
       "      <th>1976-06-30</th>\n",
       "      <td>23.446219</td>\n",
       "    </tr>\n",
       "    <tr>\n",
       "      <th>1976-07-31</th>\n",
       "      <td>23.628871</td>\n",
       "    </tr>\n",
       "    <tr>\n",
       "      <th>1976-08-31</th>\n",
       "      <td>23.682525</td>\n",
       "    </tr>\n",
       "    <tr>\n",
       "      <th>1976-09-30</th>\n",
       "      <td>23.599929</td>\n",
       "    </tr>\n",
       "    <tr>\n",
       "      <th>1976-10-31</th>\n",
       "      <td>23.543262</td>\n",
       "    </tr>\n",
       "    <tr>\n",
       "      <th>1976-11-30</th>\n",
       "      <td>23.569799</td>\n",
       "    </tr>\n",
       "    <tr>\n",
       "      <th>1976-12-31</th>\n",
       "      <td>23.606939</td>\n",
       "    </tr>\n",
       "    <tr>\n",
       "      <th>1977-01-31</th>\n",
       "      <td>23.625277</td>\n",
       "    </tr>\n",
       "    <tr>\n",
       "      <th>1977-02-28</th>\n",
       "      <td>23.654595</td>\n",
       "    </tr>\n",
       "    <tr>\n",
       "      <th>1977-03-31</th>\n",
       "      <td>23.785227</td>\n",
       "    </tr>\n",
       "    <tr>\n",
       "      <th>1977-04-30</th>\n",
       "      <td>24.055521</td>\n",
       "    </tr>\n",
       "    <tr>\n",
       "      <th>1977-05-31</th>\n",
       "      <td>24.348575</td>\n",
       "    </tr>\n",
       "    <tr>\n",
       "      <th>1977-06-30</th>\n",
       "      <td>24.530716</td>\n",
       "    </tr>\n",
       "    <tr>\n",
       "      <th>...</th>\n",
       "      <td>...</td>\n",
       "    </tr>\n",
       "    <tr>\n",
       "      <th>2015-04-30</th>\n",
       "      <td>156.429951</td>\n",
       "    </tr>\n",
       "    <tr>\n",
       "      <th>2015-05-31</th>\n",
       "      <td>158.255886</td>\n",
       "    </tr>\n",
       "    <tr>\n",
       "      <th>2015-06-30</th>\n",
       "      <td>160.267177</td>\n",
       "    </tr>\n",
       "    <tr>\n",
       "      <th>2015-07-31</th>\n",
       "      <td>161.759398</td>\n",
       "    </tr>\n",
       "    <tr>\n",
       "      <th>2015-08-31</th>\n",
       "      <td>162.309041</td>\n",
       "    </tr>\n",
       "    <tr>\n",
       "      <th>2015-09-30</th>\n",
       "      <td>161.986217</td>\n",
       "    </tr>\n",
       "    <tr>\n",
       "      <th>2015-10-31</th>\n",
       "      <td>161.255596</td>\n",
       "    </tr>\n",
       "    <tr>\n",
       "      <th>2015-11-30</th>\n",
       "      <td>160.680933</td>\n",
       "    </tr>\n",
       "    <tr>\n",
       "      <th>2015-12-31</th>\n",
       "      <td>160.211485</td>\n",
       "    </tr>\n",
       "    <tr>\n",
       "      <th>2016-01-31</th>\n",
       "      <td>159.954376</td>\n",
       "    </tr>\n",
       "    <tr>\n",
       "      <th>2016-02-29</th>\n",
       "      <td>159.988935</td>\n",
       "    </tr>\n",
       "    <tr>\n",
       "      <th>2016-03-31</th>\n",
       "      <td>160.324327</td>\n",
       "    </tr>\n",
       "    <tr>\n",
       "      <th>2016-04-30</th>\n",
       "      <td>161.693666</td>\n",
       "    </tr>\n",
       "    <tr>\n",
       "      <th>2016-05-31</th>\n",
       "      <td>164.185464</td>\n",
       "    </tr>\n",
       "    <tr>\n",
       "      <th>2016-06-30</th>\n",
       "      <td>166.730073</td>\n",
       "    </tr>\n",
       "    <tr>\n",
       "      <th>2016-07-31</th>\n",
       "      <td>168.467330</td>\n",
       "    </tr>\n",
       "    <tr>\n",
       "      <th>2016-08-31</th>\n",
       "      <td>169.555953</td>\n",
       "    </tr>\n",
       "    <tr>\n",
       "      <th>2016-09-30</th>\n",
       "      <td>169.774054</td>\n",
       "    </tr>\n",
       "    <tr>\n",
       "      <th>2016-10-31</th>\n",
       "      <td>169.162155</td>\n",
       "    </tr>\n",
       "    <tr>\n",
       "      <th>2016-11-30</th>\n",
       "      <td>168.930306</td>\n",
       "    </tr>\n",
       "    <tr>\n",
       "      <th>2016-12-31</th>\n",
       "      <td>168.878630</td>\n",
       "    </tr>\n",
       "    <tr>\n",
       "      <th>2017-01-31</th>\n",
       "      <td>168.432856</td>\n",
       "    </tr>\n",
       "    <tr>\n",
       "      <th>2017-02-28</th>\n",
       "      <td>168.343094</td>\n",
       "    </tr>\n",
       "    <tr>\n",
       "      <th>2017-03-31</th>\n",
       "      <td>169.251729</td>\n",
       "    </tr>\n",
       "    <tr>\n",
       "      <th>2017-04-30</th>\n",
       "      <td>171.164359</td>\n",
       "    </tr>\n",
       "    <tr>\n",
       "      <th>2017-05-31</th>\n",
       "      <td>173.847310</td>\n",
       "    </tr>\n",
       "    <tr>\n",
       "      <th>2017-06-30</th>\n",
       "      <td>176.562386</td>\n",
       "    </tr>\n",
       "    <tr>\n",
       "      <th>2017-07-31</th>\n",
       "      <td>178.263204</td>\n",
       "    </tr>\n",
       "    <tr>\n",
       "      <th>2017-08-31</th>\n",
       "      <td>178.910498</td>\n",
       "    </tr>\n",
       "    <tr>\n",
       "      <th>2017-09-30</th>\n",
       "      <td>178.801042</td>\n",
       "    </tr>\n",
       "  </tbody>\n",
       "</table>\n",
       "<p>513 rows × 1 columns</p>\n",
       "</div>"
      ],
      "text/plain": [
       "                 Value\n",
       "Date                  \n",
       "1975-01-31   23.661279\n",
       "1975-02-28   23.226523\n",
       "1975-03-31   23.043330\n",
       "1975-04-30   23.065198\n",
       "1975-05-31   23.210111\n",
       "1975-06-30   23.466426\n",
       "1975-07-31   23.714704\n",
       "1975-08-31   23.803259\n",
       "1975-09-30   23.785999\n",
       "1975-10-31   23.783978\n",
       "1975-11-30   23.817510\n",
       "1975-12-31   23.824112\n",
       "1976-01-31   23.725975\n",
       "1976-02-29   23.544581\n",
       "1976-03-31   23.371683\n",
       "1976-04-30   23.276104\n",
       "1976-05-31   23.296043\n",
       "1976-06-30   23.446219\n",
       "1976-07-31   23.628871\n",
       "1976-08-31   23.682525\n",
       "1976-09-30   23.599929\n",
       "1976-10-31   23.543262\n",
       "1976-11-30   23.569799\n",
       "1976-12-31   23.606939\n",
       "1977-01-31   23.625277\n",
       "1977-02-28   23.654595\n",
       "1977-03-31   23.785227\n",
       "1977-04-30   24.055521\n",
       "1977-05-31   24.348575\n",
       "1977-06-30   24.530716\n",
       "...                ...\n",
       "2015-04-30  156.429951\n",
       "2015-05-31  158.255886\n",
       "2015-06-30  160.267177\n",
       "2015-07-31  161.759398\n",
       "2015-08-31  162.309041\n",
       "2015-09-30  161.986217\n",
       "2015-10-31  161.255596\n",
       "2015-11-30  160.680933\n",
       "2015-12-31  160.211485\n",
       "2016-01-31  159.954376\n",
       "2016-02-29  159.988935\n",
       "2016-03-31  160.324327\n",
       "2016-04-30  161.693666\n",
       "2016-05-31  164.185464\n",
       "2016-06-30  166.730073\n",
       "2016-07-31  168.467330\n",
       "2016-08-31  169.555953\n",
       "2016-09-30  169.774054\n",
       "2016-10-31  169.162155\n",
       "2016-11-30  168.930306\n",
       "2016-12-31  168.878630\n",
       "2017-01-31  168.432856\n",
       "2017-02-28  168.343094\n",
       "2017-03-31  169.251729\n",
       "2017-04-30  171.164359\n",
       "2017-05-31  173.847310\n",
       "2017-06-30  176.562386\n",
       "2017-07-31  178.263204\n",
       "2017-08-31  178.910498\n",
       "2017-09-30  178.801042\n",
       "\n",
       "[513 rows x 1 columns]"
      ]
     },
     "execution_count": 3,
     "metadata": {},
     "output_type": "execute_result"
    }
   ],
   "source": [
    "df = df.sort_index(axis=0, ascending=True)\n",
    "df"
   ]
  },
  {
   "cell_type": "code",
   "execution_count": 4,
   "metadata": {
    "scrolled": true
   },
   "outputs": [
    {
     "data": {
